.Random.seed <-
c(10403L, 228L, 996672226L, 623299139L, 629344390L, 466237590L, 
-840029838L, -959459431L, 1390319887L, -671577748L, 1970861072L, 
-1435729920L, -186250102L, 975781642L, 146170734L, 2121070479L, 
-924368903L, 1341029079L, 320464142L, 2059770432L, 115328754L, 
1540293515L, 1204045410L, 1513728168L, -638503945L, -142983767L, 
1321709038L, 1153880700L, 1974596053L, 1526796963L, -740531100L, 
-901924430L, 440324794L, -247926663L, -932009726L, -1373648164L, 
-2011588080L, -1807573960L, 293087832L, 1146803389L, 1452584116L, 
-862094027L, -542433610L, -2145177866L, 1673044017L, 1142211759L, 
-1366122742L, 589518029L, 1054471539L, -107526988L, 605898795L, 
538597921L, -1105682352L, -452663299L, 1939221406L, -2125925923L, 
-789671824L, 741601332L, 425862224L, 1749848034L, -1103605934L, 
-1535360574L, 860395996L, 1675339113L, -1077184039L, 1469024197L, 
2003853879L, -1565502095L, 1415867212L, -1940459797L, -652178799L, 
-1153041635L, -757106973L, 43659774L, 2019153581L, -194725973L, 
-904965695L, -1512819017L, -1581091003L, -173451306L, -1425576511L, 
1398826038L, -916960299L, -1680852369L, -335015044L, -687720573L, 
523999713L, 912197388L, -1162818344L, -1776928363L, 1431465044L, 
833034589L, 1284434953L, -1898615789L, 49720499L, 1366709886L, 
898149029L, -2143491646L, 1343900110L, -1837306256L, 1561157280L, 
-1074062964L, 1328849418L, 414274026L, 1669470956L, -250383188L, 
-116433799L, -1559972457L, -255331731L, 594397737L, 671374384L, 
856752157L, 273578602L, -479176929L, -1788702077L, -1737849184L, 
-1208367632L, -870924239L, -1815761377L, 1171544793L, -1287405122L, 
1167633761L, 784923063L, -575120595L, -1946353369L, -2097895318L, 
1530595672L, -1512824397L, -123836313L, 2139255384L, -889077565L, 
-2018012109L, 1635426486L, 533198514L, 495917415L, 1079939720L, 
-1840346218L, 751957765L, 1522375877L, -1150036611L, -875169432L, 
155477182L, 1912157895L, 734099198L, -1208049898L, -359511065L, 
-1823098638L, 1065883987L, -226405704L, 2048614212L, -308293339L, 
1280563973L, 1752512157L, -2062500774L, 1489642001L, -1565403311L, 
-1583128791L, 1174335876L, 829458484L, 810755649L, 909566282L, 
998221994L, 201948848L, 1618094467L, -1067977761L, -24726915L, 
1645209528L, 758064819L, -1456836642L, -879035000L, -472446232L, 
1142534818L, 2077861822L, -1335816707L, -357692886L, -936029198L, 
-1242497186L, 1869609582L, 739026552L, -1293814215L, -1395493196L, 
-907777841L, 1741032455L, -234909628L, -1045375122L, -493532810L, 
196249648L, 1086423507L, 314948245L, 63030569L, -1083690297L, 
114969745L, 318479027L, 1451452307L, 2029222532L, -346022343L, 
1001982470L, 1629321156L, 917721L, 1879140790L, 594187629L, 2080330840L, 
1969039177L, 1411721282L, 1932437455L, 450294280L, -887561112L, 
-1924116887L, 1942683049L, -89275469L, 162684812L, -1008792557L, 
228568713L, -1792847251L, 807919826L, 574617166L, 1877998453L, 
239635138L, -1886874174L, 1608454677L, -1171455993L, 1362667400L, 
-1484596525L, -1766868573L, -1496534132L, -133939187L, 1129201688L, 
1204528411L, 1382559116L, 1630026351L, -1761889797L, -678219969L, 
-1447439321L, -305947170L, -1184674589L, 1544321719L, -896676628L, 
788153046L, 307524325L, 1236178048L, -640389850L, -1174619443L, 
-1084229515L, -1722040496L, -1316702095L, 15873286L, 1945147567L, 
1064413451L, 1623855416L, 344686357L, 1185010128L, 2107539768L, 
650264547L, -1878095368L, 1371953786L, -1612970463L, -221375486L, 
-653228053L, 1090796141L, 1191353253L, 1028323067L, 1132160969L, 
43238276L, 1697653544L, -1080185486L, -1110749635L, -1706566730L, 
-1123030186L, 1026551632L, -188253098L, 1781358631L, -1858030362L, 
842916316L, -1988390331L, -1605526115L, 2097377699L, 1399204441L, 
-1173507553L, 2025224488L, 1915969713L, -602778919L, 518950836L, 
78639620L, 519758165L, -283182184L, 1955423992L, 1045870372L, 
-425733799L, 1430510853L, 792857826L, -734874L, -250294704L, 
-401344636L, 700546681L, 1817284441L, -22808089L, -1240984669L, 
2037834665L, 94912383L, 799174650L, -1849806229L, 1560610797L, 
1777706481L, 2060913373L, 2006356206L, -887991414L, 2106008564L, 
-40513530L, 1338811353L, -650571260L, -1847422814L, 1843837293L, 
118812673L, 1953912849L, 1708521639L, 598663168L, 1792438152L, 
-596625396L, -1100809589L, -458899111L, 1910839906L, -368750069L, 
324887068L, 993987401L, 1680919224L, 1691303399L, -1955035674L, 
316240424L, 656431614L, -1644145172L, -1764690179L, -619976521L, 
334960392L, -342286240L, -6374365L, 1878968253L, 603563165L, 
1316137923L, -1567739159L, 91494131L, -1981467288L, -561017101L, 
-1666511425L, -2057642373L, 935171848L, 1192534118L, 1252343593L, 
-1617411767L, -227695690L, -1984651148L, 1269238246L, -325780213L, 
-662504424L, -2077373147L, 1157481826L, -1833502359L, -801206777L, 
1786948145L, -942268078L, 1245522355L, 1040063751L, -308395818L, 
-125185778L, -1204949876L, -336577943L, 1030956300L, -1112543693L, 
166421377L, 1897230593L, -515615828L, -689540962L, 1218325190L, 
225697440L, 422348089L, -1803984848L, 1655790290L, -1362404190L, 
-1295916138L, 1092359335L, 962683822L, -940184558L, -639051657L, 
-959828900L, -2056799499L, 1076132449L, -399610606L, -1615615611L, 
-965940458L, -1791724922L, -641169927L, 1526997113L, -647992194L, 
1122992210L, 1430507994L, -1098474418L, 1547542517L, -1074080366L, 
894170182L, -819736992L, -1619718495L, -749473347L, 1418989310L, 
-505756554L, -1343211043L, 2034447454L, -100912751L, 2078606640L, 
1804003451L, 1019880989L, -1846568489L, 2066869130L, -1091213025L, 
35777891L, -1065112423L, -1774117555L, 1716243476L, 1882491871L, 
1334411457L, -1627617042L, -714629674L, -1731863819L, -2087938811L, 
426766400L, -844858999L, -1426426079L, 1389309104L, 1123162634L, 
1425414459L, 23349993L, 2078223868L, -2058483509L, -1372098447L, 
-1122988321L, -1689244142L, 1253339816L, 949000329L, -517393153L, 
-1601698242L, -1791140930L, 993009763L, -1437433012L, -155558940L, 
-164182196L, 1187159300L, -2136282911L, -1361094713L, -1490833628L, 
260231964L, -1227164979L, -877064422L, 1247370617L, -304082359L, 
164708066L, -1014392007L, -1462924743L, 1658456206L, 422356538L, 
-441065694L, 861826250L, -1100025403L, -2143310939L, 1308158220L, 
383876912L, -1047671153L, 1413439588L, 376415070L, 1901383921L, 
-854800491L, 2049453417L, 438062033L, -386675729L, -1362796520L, 
-1585764722L, -708335536L, 2006321529L, 1707417425L, -509899036L, 
1354566055L, 116007745L, -957740862L, -2071851364L, 1592763011L, 
-1286575769L, -1826409558L, -1487239050L, -943863908L, 1737122653L, 
-876240224L, 184526228L, 825591788L, 992332552L, 277465988L, 
-1173032342L, 410621317L, -1172335509L, 354849212L, 1533032451L, 
102116220L, -1097566971L, 1046621123L, 625279224L, -1350068769L, 
367640351L, 1355384360L, 1292858462L, 186143792L, -2048424373L, 
336472776L, -2011977325L, -944634699L, -421670465L, -1378539096L, 
-1524568044L, -860462069L, 815217827L, -479994830L, -31189974L, 
-1399254511L, 1806578666L, -1142037818L, 1798262791L, 1682061067L, 
1174751487L, -1548028319L, 1199153137L, -2080894855L, -1844620420L, 
1917471631L, -840555752L, -1350852809L, 949630354L, -1522527941L, 
-1857818111L, 1321875638L, 2082480962L, 1870795719L, 1252448805L, 
-1791664836L, -1150921050L, -1750999012L, 368934677L, 2009187703L, 
-440989492L, 370314839L, -177616836L, -1540674157L, 1949454321L, 
33633077L, -137797485L, -1132623130L, -1683160217L, 2029511952L, 
-95363035L, -575788248L, 2115633104L, 1437815784L, 601069130L, 
-473792329L, -1301693819L, 751604418L, 1299864229L, -1957649188L, 
836060160L, -862375469L, 984718524L, -258970335L, 1467518327L, 
-2095855136L, 1167746568L, 1993352926L, 599576000L, -1772520888L, 
1586446665L, -746686057L, 876787331L, -709721163L, -674694424L, 
1623179625L, -412990469L, 336290907L, -239184743L, 472526780L, 
-1709561983L, 1772923505L, 1080138060L, 1697974629L, -2113839266L, 
1529102360L, -1598264290L, -1901109451L, -1211025658L, -1792515588L, 
-1973942235L, 413702313L, 1592278066L, -57052410L, 965365936L, 
1904218998L, -1779958663L, 1955640704L, -1217700057L, 1523724243L, 
